cutoff_age <- c(6000, 18000)
